# Fix print output for fix output
0 0 299.99999999999994316 2611.3958327059199291 -17800.006287715423241 77.517308956499988426 -17722.488978758923622
100 0.10000000000000000555 198.49870011729976227 4240.0033069077526307 -17765.940533748391317 51.290283548187893814 -17714.650250200204027
200 0.2000000000000000111 196.47322766235188851 3485.6835775783629288 -17758.251280861059058 50.766919634610978562 -17707.484361226448527
300 0.2999999999999999889 197.54149481059101845 2943.8356196617914975 -17751.981642107646621 51.042950283204753248 -17700.938691824441776
400 0.4000000000000000222 221.66777154766546687 3832.7101709329590449 -17752.225644471731357 57.276963775864146555 -17694.948680695866642
500 0.5 213.18346914752993371 2814.2919102819614636 -17744.409941697558679 55.084696141091882282 -17689.325245556465234
600 0.5999999999999999778 232.00238699264969 2848.5244895897862989 -17743.994550901243201 59.947335703849013555 -17684.047215197395417
700 0.70000000000000006661 247.32261245504531644 2897.3142969104756048 -17743.23905722177733 63.905944538688210343 -17679.333112683088984
800 0.80000000000000004441 242.98142566995969105 2601.0559551973619818 -17737.675963630459592 62.784220814497018637 -17674.891742815962061
900 0.9000000000000000222 253.91004105294106807 2696.0459531836399947 -17736.233174406050239 65.608076998194775342 -17670.6250974078539
1000 1 276.83982811974925653 2541.5199088171748372 -17738.433094986339711 71.532928292743207521 -17666.900166693598294
1100 1.1000000000000000888 281.54325685513964572 2661.9300286117995711 -17736.267593759654119 72.748252087530318022 -17663.519341672123119
1200 1.1999999999999999556 274.05059522363364977 1770.666117259909015 -17731.270224553289154 70.812215532210444735 -17660.458009021080215
1300 1.3000000000000000444 284.59097877458276571 2056.5398288701890124 -17731.198995605995151 73.53575609300689564 -17657.663239512989094
1400 1.4000000000000001332 275.47082357924267626 1639.6551601489331915 -17726.326994779534289 71.179189799645541825 -17655.14780497988977
1500 1.5 288.80898630840869146 1566.7586125511140835 -17727.545715796830336 74.625651403608316059 -17652.920064393223583
1600 1.6000000000000000888 312.29369860737796216 2444.8436281971908102 -17731.650451636305661 80.693890400387374484 -17650.956561235918343
1700 1.6999999999999999556 301.10974280794783908 1425.3062070017024325 -17727.085003646254336 77.804056543519820366 -17649.280947102735809
1800 1.8000000000000000444 302.66746190606880873 1451.2080424382252204 -17726.034927298194816 78.206557185508103203 -17647.828370112685661
1900 1.9000000000000001332 315.78639389255135939 1676.6196718956218774 -17728.210478909601079 81.59637153209303051 -17646.614107377507025
2000 2 316.21196878099721062 2233.1426494711126907 -17727.360354636017291 81.706336265798981344 -17645.654018370220001
2100 2.1000000000000000888 309.57397267539062113 1765.9226831480655164 -17724.805730033061991 79.991137615897812907 -17644.814592417165841
2200 2.2000000000000001776 306.36919833724886075 1804.239417994871701 -17723.23980441466847 79.163052674212494253 -17644.07675174045653
2300 2.3000000000000002665 313.12992180501481698 1422.185760576693383 -17724.366316851705051 80.909962973613403392 -17643.456353878093068
2400 2.3999999999999999112 315.37660351188583263 1963.3036374515363605 -17724.59757431136677 81.490485373608194664 -17643.107088937758817
2500 2.5 319.80051045235876472 2032.2307695910415077 -17725.48785966554351 82.633583243939682461 -17642.854276421603572
2600 2.6000000000000000888 314.89451220856994951 1432.3170933014928323 -17724.069913739487674 81.365917305260268222 -17642.703996434225701
2700 2.7000000000000001776 314.62296870602432364 1036.1219415034295253 -17724.039607115468243 81.295752899987064666 -17642.743854215481406
2800 2.8000000000000002665 308.74175335055122105 1491.4814824475022306 -17722.590522379075992 79.776099607487324761 -17642.814422771589307
2900 2.8999999999999999112 305.47828208072024836 1317.1765929095790852 -17721.902866886412085 78.932847905173503023 -17642.970018981239264
3000 3 318.983360511067076 1530.3667125849019612 -17725.665649932201632 82.422439029063369276 -17643.243210903139698
3100 3.1000000000000000888 314.44766767165782539 1377.6385126868160569 -17724.803695326976595 81.25045668518245634 -17643.553238641794451
3200 3.2000000000000001776 309.20352889324158241 1674.0258847251702718 -17723.850912873665948 79.895418265524938306 -17643.955494608140725
3300 3.3000000000000002665 305.81661785933289366 1235.5087401393388973 -17723.448930766531703 79.020270835446012825 -17644.428659931087168
3400 3.3999999999999999112 308.3336398751202978 1384.5571979736412231 -17724.550004392258415 79.670646746273035887 -17644.879357645986602
3500 3.5 306.34907570302624435 1537.1174346476288974 -17724.642897718338645 79.15785316603231081 -17645.485044552307954
3600 3.6000000000000000888 303.04130537857975014 1690.611544818839775 -17724.404659978383279 78.30315498537477481 -17646.101504993010167
3700 3.7000000000000001776 306.02009500362339622 2328.9428556926341116 -17725.706850471357029 79.072847504311198463 -17646.634002967046399
3800 3.8000000000000002665 301.77578108338690299 1688.607147059881072 -17725.221038453408255 77.976154859433378874 -17647.244883593975828
3900 3.8999999999999999112 300.20715476239104191 1787.2946337214593768 -17725.387258404047316 77.570835888893597598 -17647.816422515152226
4000 4 306.35781518342838581 1832.2416305639749226 -17727.648786607976945 79.160111369373822754 -17648.488675238604628
4100 4.0999999999999996447 304.36233720871371133 2095.893085034210344 -17727.720507999529218 78.644497760434319389 -17649.076010239095922
4200 4.2000000000000001776 300.87470826978284322 1885.5693678408540563 -17727.365335912512819 77.743325727151869842 -17649.622010185361432
4300 4.2999999999999998224 300.50648582400719988 2227.4299853059137604 -17727.925030636630254 77.648180350172182784 -17650.276850286456465
4400 4.4000000000000003553 297.92876450219307571 2027.3879592216087531 -17727.879574740756652 76.982120283149441775 -17650.897454457608546
4500 4.5 294.79034947894319885 1806.264889781201191 -17727.70230451927273 76.171181993179502001 -17651.531122526092076
4600 4.6000000000000005329 302.90294829267128307 2657.3000190148454749 -17730.462587400626944 78.267404755459153876 -17652.195182645169552
4700 4.7000000000000001776 301.82289726578380851 2451.6095653550228235 -17730.813328443357022 77.988329258325748583 -17652.824999185031629
4800 4.7999999999999998224 299.90378796627413749 2600.3563102329503636 -17730.857713966248411 77.492448630021129929 -17653.365265336226003
4900 4.9000000000000003553 287.48853246785790816 2656.6574934436957847 -17728.255955229149549 74.284457975872413726 -17653.971497253278358
5000 5 282.57400205977074847 2054.5420670910370973 -17727.477452386825462 73.014587402473054567 -17654.462864984350745
5100 5.1000000000000005329 282.45920273006242951 1900.2590594643509121 -17727.965825724448223 72.984924285443057101 -17654.980901439004811
5200 5.2000000000000001776 288.25559551806964009 2548.1622320291539836 -17729.994768246797321 74.482660187380332673 -17655.512108059418097
5300 5.2999999999999998224 280.8972939074052988 2220.0576772193603574 -17728.590976322688221 72.581341056217070218 -17656.009635266469559
5400 5.4000000000000003553 292.3741108241909501 2339.2331910931757193 -17731.993751317084389 75.546847598802600032 -17656.446903718282556
5500 5.5 293.18531036294683645 2606.4170894100557234 -17732.833959625400894 75.756454283039644793 -17657.077505342360382
5600 5.6000000000000005329 281.91849005009629536 3042.3046692474777046 -17730.383807395559415 72.845208979210951838 -17657.538598416347668
5700 5.7000000000000001776 284.72181561367739278 2404.676649312961672 -17731.524329125695658 73.569563158603529018 -17657.954765967093408
5800 5.7999999999999998224 276.55990891492677974 2295.0046202972284846 -17729.825698699674831 71.46059968113293337 -17658.365099018541514
5900 5.9000000000000003553 281.74955797727750451 2280.6984542053255609 -17731.553068089004228 72.80155844693976519 -17658.751509642064775
6000 6 282.89035199786746944 3107.075310099789931 -17732.257364278491877 73.096329388772431912 -17659.161034889719303
6100 6.1000000000000005329 271.39961727410116055 2594.5587562419550522 -17729.676243285572127 70.12722660970784716 -17659.54901667586455
6200 6.2000000000000001776 261.24592787778840375 2129.3720047214642364 -17727.285009674626053 67.503604349766803239 -17659.781405324858497
6300 6.2999999999999998224 283.42879997936285008 3345.1931788497918205 -17733.322165837616922 73.235459517234374971 -17660.08670632038411
6400 6.4000000000000003553 289.44239810283681891 3139.2852026136201857 -17735.32514392401572 74.789319329492911947 -17660.535824594524456
6500 6.5 278.94243244135873283 3075.7250281173805888 -17732.884850178361376 72.076222388781445716 -17660.808627789578168
6600 6.6000000000000005329 279.16018146185706428 2925.3578433305910949 -17733.178313128872105 72.132486782437922557 -17661.045826346435206
6700 6.7000000000000001776 277.93974678553144031 3259.5757845465104765 -17733.154863815845601 71.817137409551392579 -17661.337726406294678
6800 6.7999999999999998224 274.94030970091313293 3007.6231000409648004 -17732.589673126436537 71.042109772271587076 -17661.547563354164595
6900 6.9000000000000003553 280.60559502128887743 3336.8069908404886519 -17734.229454310960136 72.50596868062589806 -17661.723485630333016
7000 7 273.53070522391095665 3122.429085342639155 -17732.659226366373332 70.677880619770789394 -17661.981345746604347
7100 7.1000000000000005329 271.59326802346760132 3033.4843221566329703 -17732.279989385740919 70.177264226268832203 -17662.102725159471447
7200 7.2000000000000001776 280.81509967908368708 2744.7876295960113566 -17734.873584174863936 72.560102804912915531 -17662.31348136995075
7300 7.2999999999999998224 275.55478107291685319 3053.6425761586256158 -17733.759453725175263 71.200883662900054105 -17662.558570062275976
7400 7.4000000000000003553 266.89655272923749862 2863.8801520932001949 -17731.710570443683537 68.963675124456997878 -17662.746895319225587
7500 7.5 261.66733281344937723 3131.1388246121268821 -17730.556503143092414 67.612491605078218981 -17662.944011538013001
7600 7.6000000000000005329 269.20219215962907811 3178.3001276907639294 -17732.723245027624216 69.559431671350168358 -17663.163813356273749
7700 7.7000000000000001776 267.55961391953968587 2979.6728104430749227 -17732.542853259743424 69.135004188276056425 -17663.407849071467353
7800 7.7999999999999998224 272.96111769838427108 3036.7819654707077461 -17734.127993267473357 70.530704312457388028 -17663.597288955017575
7900 7.9000000000000003553 279.297463169352568 3195.6696967491579926 -17736.043432193513581 72.167959144217945777 -17663.875473049294669
8000 8 276.87387515312730102 3341.5147768396886931 -17735.751955857082066 71.541725740761265229 -17664.210230116321327
8100 8.0999999999999996447 266.60522591365889866 2920.5934279003568008 -17733.337543850338989 68.888398888555258281 -17664.44914496178535
8200 8.1999999999999992895 273.53227237663372762 2884.2247361326712962 -17735.268737279977358 70.678285557976764153 -17664.59045172200058
8300 8.3000000000000007105 275.004544644776729 3311.5907639896122419 -17735.818118658586172 71.058707505569188356 -17664.759411153016117
8400 8.4000000000000003553 276.44888607727489216 3787.3395945685856532 -17736.446519148870721 71.431912375774629709 -17665.014606773096602
8500 8.5 269.15602069099281834 3095.7105539427238909 -17734.662899007467786 69.547501378019319418 -17665.115397629448125
8600 8.5999999999999996447 265.97580784318046199 3149.105402011426122 -17733.895407114378031 68.725762905114990531 -17665.169644209261605
8700 8.7000000000000010658 264.9899746182788931 3020.2431593709270601 -17733.814383305529191 68.471032442867397094 -17665.343350862662192
8800 8.8000000000000007105 267.17998420006847482 3000.0671462679997603 -17734.60045104443634 69.036911274098329727 -17665.563539770337229
8900 8.9000000000000003553 263.24381898336963559 2812.3545756265948512 -17733.769049141326832 68.019841490076075274 -17665.74920765124989
9000 9 266.28394991477131271 3026.1824939855737284 -17734.750562163273571 68.805384052335000433 -17665.945178110938286
9100 9.0999999999999996447 269.08988717107558841 3050.9413113940986477 -17735.663670529596857 69.530413069699974926 -17666.133257459896413
9200 9.2000000000000010658 260.0707529855145026 3241.2394684936398335 -17733.490251314146008 67.199949699092414335 -17666.290301615052158
9300 9.3000000000000007105 263.71205080469195536 2669.7882091192695952 -17734.53611647355865 68.14082839259843638 -17666.39528808095929
9400 9.4000000000000003553 273.13190077343466555 3489.7150918514275872 -17737.162013646229752 70.574833127101456398 -17666.587180519127287
9500 9.5 261.65044464428297033 3340.5131549050652211 -17734.352044563966047 67.608127853654949035 -17666.743916710311169
9600 9.5999999999999996447 260.67176885233419625 2346.2994139924535375 -17734.241261050443427 67.355246807879140647 -17666.886014242565579
9700 9.7000000000000010658 264.59392236817092225 3313.3508013125924663 -17735.376801905134926 68.368696094085606774 -17667.008105811048154
9800 9.8000000000000007105 267.33909601298279313 3373.84375942877341 -17736.186467425774026 69.078024339299346934 -17667.108443086475745
9900 9.9000000000000003553 270.84499174534829535 3630.9585668229829025 -17737.250065007800004 69.983916348149520559 -17667.266148659651662
10000 10 268.40833111138243794 3550.9217624138900646 -17736.718392152124579 69.354305097531948832 -17667.364087054593256
10100 10.099999999999999645 263.60190665849614788 3511.4745190237881616 -17735.632565067266114 68.11236813323040451 -17667.520196934034175
10200 10.200000000000001066 259.70157673804095566 3610.714437525451558 -17734.60948659589485 67.104557868309711921 -17667.504928727583319
10300 10.300000000000000711 271.74427978686981078 3759.2003930034652512 -17737.787099726989254 70.216284311334547397 -17667.570815415656398
10400 10.400000000000000355 270.80195851784077377 3803.6807930203603973 -17737.682246542870416 69.972796948175869147 -17667.709449594694888
10500 10.5 260.48936945197925752 3384.1387353944805909 -17735.000186881949048 67.308116438976497875 -17667.692070442972181
10600 10.599999999999999645 270.95754252675715179 3430.2193651295351629 -17737.694228683132678 70.012998460468736539 -17667.681230222664453
10700 10.700000000000001066 270.01202182247965311 3437.2962009989955732 -17737.517995870784944 69.768684391941249601 -17667.749311478844902
10800 10.800000000000000711 259.0474459185858791 3079.1853843708490786 -17734.693784248524025 66.935536332210830324 -17667.758247916313849
10900 10.900000000000000355 266.96621525179767787 3721.0154098363564117 -17736.73058641481839 68.981675295403618975 -17667.748911119415425
11000 11 271.35491660382530199 3623.9719557345406429 -17737.960638409422245 70.115676357480055003 -17667.844962051942275
11100 11.099999999999999645 262.63017497685797252 3276.9546346866122803 -17735.825355241682701 67.861281383269187018 -17667.96407385841303
11200 11.200000000000001066 257.44667974600071148 3080.5443811174518487 -17734.50337396298346 66.521912712319490879 -17667.981461250663415
11300 11.300000000000000711 268.54349805400556761 3498.3693121499968584 -17737.422197841478919 69.389231023038689727 -17668.032966818438581
11400 11.400000000000000355 271.67362931901021739 3838.376972094617031 -17738.343816569242335 70.198028864184578879 -17668.145787705056136
11500 11.5 260.90043614526069859 3355.6223080615554863 -17735.638674820253073 67.414332385192579977 -17668.224342435059953
11600 11.599999999999999645 262.29103306473723478 3148.4059485779462193 -17736.04209331085076 67.773650155329306699 -17668.268443155520799
11700 11.700000000000001066 269.80823018245871481 3588.4267100606311942 -17738.184929806531727 69.716026460200410497 -17668.468903346332809
11800 11.800000000000000711 264.70355445253159132 3518.0088633190957808 -17736.992521779044182 68.397024041268707606 -17668.595497737776896
11900 11.900000000000000355 255.96711798728333065 3635.6962676152083986 -17734.78558811059338 66.139607225750438602 -17668.645980884841265
12000 12 261.14544520137570771 3356.4017413301216948 -17736.146146189941646 67.477640527525934999 -17668.668505662415555
12100 12.099999999999999645 262.58980246942439862 3051.7519202108260288 -17736.672524992827675 67.850849489495601574 -17668.82167550333179
12200 12.200000000000001066 258.01508582147033621 2936.1320726222129451 -17735.478553542074224 66.668783743535925623 -17668.809769798539492
12300 12.300000000000000711 265.84046775163960774 3623.3400705869657941 -17737.599077347935236 68.690792239481083925 -17668.908285108453128
12400 12.400000000000000355 262.24537539822631516 3539.5727321068748097 -17736.766330093076249 67.76185262385878616 -17669.004477469217818
12500 12.5 260.41705911143458252 3711.2388282952961163 -17736.357449479586649 67.289432095613989304 -17669.068017383971892
12600 12.599999999999999645 265.93529667715375808 3773.1751068654093615 -17737.852051085475978 68.715295183204716523 -17669.136755902272853
12700 12.700000000000001066 257.26773152927421506 3224.4867148022249239 -17735.624624384694471 66.475674098308815019 -17669.148950286384206
12800 12.800000000000000711 262.59748088566453816 3862.941853529009677 -17737.015040209011204 67.852833523375537084 -17669.162206685636193
12900 12.900000000000000355 262.77486745958009351 3584.2086316311219889 -17737.130794203400001 67.898668622892031976 -17669.232125580507272
13000 13 252.05139498642930107 3396.4900784589135583 -17734.326191945721803 65.127819526932853478 -17669.198372418788495
13100 13.099999999999999645 261.66369034345683531 3716.7018261247681039 -17736.761385483907361 67.611550423505633489 -17669.149835060401529
13200 13.200000000000001066 258.35136184808800408 3828.7210460632190916 -17735.971459447246161 66.755674452369220262 -17669.215784994878049
13300 13.300000000000000711 252.06249807079584002 3220.6127271029031363 -17734.256423229511711 65.130688464336884635 -17669.125734765173547
13400 13.400000000000000355 268.32699714808728686 3751.8165080302205752 -17738.488584794100461 69.333289130993918548 -17669.15529566310579
13500 13.5 259.87690360718278271 3671.719854122333345 -17736.303619127822458 67.149860758588530985 -17669.153758369233401
13600 13.599999999999999645 256.3928120627615499 3645.1662993098157131 -17735.369693398322852 66.249602756316420482 -17669.12009064200538
13700 13.700000000000001066 262.5564640330723023 3342.2998199373823809 -17737.015696084457886 67.842235136592819345 -17669.173460947866261
13800 13.800000000000000711 262.47709304874484815 4060.7510580169032437 -17736.98086463816071 67.821726386211850013 -17669.159138251947297
13900 13.900000000000000355 272.44122180274337097 3924.7232290686970373 -17739.674609073717875 70.396367876565335564 -17669.278241197152965
14000 14 248.9725355319824871 3229.8887641042247196 -17733.667717765267298 64.33226986171953854 -17669.335447903547902
14100 14.099999999999999645 250.11980620581388735 3072.3889390079812074 -17733.814377766033431 64.6287143126532726 -17669.185663453379675
14200 14.200000000000001066 272.91473157214988987 4101.5919590487137611 -17739.792479794319661 70.518718553528699999 -17669.273761240790918
14300 14.300000000000000711 257.67768097129777516 3836.5477595596044011 -17735.945205853433436 66.58160135682176417 -17669.363604496611515
14400 14.400000000000000355 261.22243167214935511 3631.1682385102899389 -17736.847196041158895 67.497533140994050882 -17669.349662900163821
14500 14.5 257.9274379826048289 3178.3783549109757587 -17736.190608988817985 66.646136328186912579 -17669.544472660629253
14600 14.599999999999999645 258.81233592118877596 3385.656594706499618 -17736.452387588353304 66.874786017854177089 -17669.577601570497791
14700 14.700000000000001066 266.69734885680975367 3739.9436260965621841 -17738.686488844326959 68.912202630709288087 -17669.774286213618325
14800 14.800000000000000711 265.40569835647494301 3594.2660757086669037 -17738.583643286223378 68.578451727715048492 -17670.005191558509978
14900 14.900000000000000355 257.18413548235503185 3352.6819248235178748 -17736.625383528455131 66.454073629653564126 -17670.171309898800246
15000 15 256.80694343478563724 3466.2659892439164651 -17736.585972541961382 66.356610588028999587 -17670.229361953934131
15100 15.099999999999999645 278.06428444597321459 4243.071421392342927 -17742.385118652829988 71.849316823888685235 -17670.535801828940748
15200 15.200000000000001066 244.14810468878084748 3221.7234619984692472 -17733.844447108593158 63.085680207680439935 -17670.758766900911723
15300 15.300000000000000711 262.66028100764208375 3685.9886120008145554 -17738.490228409540578 67.869060511568335414 -17670.621167897970736
15400 15.400000000000000355 268.70230370685430898 3684.6350832092894052 -17740.374459718674188 69.430264979225071897 -17670.944194739447994
15500 15.5 247.67657767002987157 3099.2536457108585637 -17735.083005301567027 63.997405975120919663 -17671.085599326444935
15600 15.599999999999999645 264.09105851960237032 3970.3133959331103142 -17739.402585627009103 68.238760586377125605 -17671.163825040632219
15700 15.700000000000001066 250.4785022492123403 3685.9552639148796516 -17736.104042444785591 64.721398152711913099 -17671.382644292072655
15800 15.800000000000000711 246.50533159254533189 3297.0088085910529117 -17734.989092594067188 63.694766494946058799 -17671.294326099119644
15900 15.900000000000000355 269.07427926757765135 4142.8684141647245269 -17741.013979969178763 69.526380127441271384 -17671.487599841737392
16000 16 243.63520954829141374 3319.7397610366206209 -17734.549931680488953 62.953152704121748684 -17671.596778976367204
16100 16.100000000000001421 258.31771853624167079 3950.7783535079606736 -17738.235282070618268 66.746981322373514445 -17671.48830074824582
16200 16.199999999999999289 271.22036424829059342 4149.0134166983598334 -17741.813324074857519 70.080909235764025311 -17671.732414839094417
16300 16.300000000000000711 241.18092484484208171 3322.412771420536501 -17734.058977713815693 62.318987552040105982 -17671.739990161775495
16400 16.399999999999998579 260.59803531171644408 4026.4748637681864238 -17739.039613916294911 67.336194722384064448 -17671.703419193909212
16500 16.5 260.93237579037997875 4021.7341961834085851 -17739.356200651709514 67.422585302988153444 -17671.933615348720195
16600 16.600000000000001421 249.91942065821638153 3379.7061867654101661 -17736.492802820943325 64.576936484641493053 -17671.915866336301406
16700 16.699999999999999289 273.46726755568499811 3984.986867528838502 -17742.859918058104086 70.66148889534628097 -17672.198429162759567
16800 16.800000000000000711 246.37776811166813218 3288.597180000836488 -17735.983990164058923 63.661805235750307475 -17672.322184928307252
16900 16.899999999999998579 260.03756387175405962 3445.8577100976804104 -17739.464294020304806 67.191373929807880927 -17672.272920090497792
17000 17 265.98164475229668824 3758.2357486760156462 -17741.414421443274477 68.727271110072706506 -17672.687150333200407
17100 17.100000000000001421 242.97785227991224133 3428.9085367010761729 -17735.575382334831374 62.783297482562588243 -17672.792084852269909
17200 17.199999999999999289 271.01730071483717666 3884.2309922358331278 -17743.069652454145398 70.028439440229007573 -17673.041213013915694
17300 17.300000000000000711 245.00975999999801047 3742.4858991582918861 -17736.778176742023788 63.308324210925874809 -17673.469852531099605
17400 17.400000000000002132 237.03131786242639123 2907.8744618109694784 -17734.653759614971932 61.246766330360216557 -17673.406993284610508
17500 17.5 269.99434372577348995 3884.1123917104860084 -17743.54125264720642 69.7641165303274704 -17673.777136116877955
17600 17.600000000000001421 241.46087245968047341 3824.594514553011777 -17736.479222093214048 62.391323504543649392 -17674.087898588670214
17700 17.699999999999999289 254.46782225074221628 3447.7098385522167519 -17739.899140073350281 65.752202656328364583 -17674.146937417022855
17800 17.800000000000000711 244.42379648428934047 3313.7844940609638797 -17737.614588782606006 63.156916494644455895 -17674.457672287961032
17900 17.900000000000002132 248.46714852791942008 3536.7960799548295654 -17738.656609979872883 64.201682393264349002 -17674.454927586608392
18000 18 267.33098146894553793 3975.3026997704041605 -17743.894937024913816 69.07592761390876035 -17674.819009411006846
18100 18.100000000000001421 231.70911951369055259 3056.1230350554874349 -17734.850459013494401 59.871558017937779539 -17674.978900995556614
18200 18.199999999999999289 259.23158064708104575 3860.1103897156099265 -17741.959828242364893 66.98311509433875699 -17674.976713148025738
18300 18.300000000000000711 251.12792691897985264 3621.3645579248272952 -17740.384273272738938 64.88920366194638234 -17675.495069610791688
18400 18.400000000000002132 223.39397257728271029 3046.6130912974317653 -17733.193848719223752 57.722998637643712527 -17675.470850081579556
18500 18.5 253.97906441299724634 3842.2497054060095252 -17741.303690954460762 65.625912015283745404 -17675.677778939178097
18600 18.600000000000001421 242.28997778787334028 3631.7346554940518217 -17738.616313014645129 62.605556884153671149 -17676.010756130490336
18700 18.699999999999999289 242.91069852870140267 3547.954089174335877 -17738.825894943980529 62.765945555628590569 -17676.059949388352834
18800 18.800000000000000711 256.68587860090042341 3831.3580849431327806 -17742.707778615458665 66.325328520922170128 -17676.382450094537489
18900 18.900000000000002132 244.01776183392399844 3668.7571179122610374 -17739.626916408691613 63.052000783179735777 -17676.574915625511494
19000 19 249.14660954878351617 3664.6085713757065605 -17741.140345065599831 64.377249026191748271 -17676.763096039408993
19100 19.100000000000001421 236.07508325536355187 3304.9002012915721025 -17737.977726115765108 60.999683885458253485 -17676.978042230308347
19200 19.199999999999999289 240.80523264468411071 3646.606130766995193 -17739.172637640822359 62.221912057532797746 -17676.950725583290478
19300 19.300000000000000711 248.56825209130639109 4163.3557518215702657 -17741.311982765229914 64.227806647129924045 -17677.084176118100004
19400 19.400000000000002132 243.52145829618655171 3756.7126270704939088 -17740.05219960643808 62.923760400943081095 -17677.128439205494942
19500 19.5 255.14058459027302206 4082.7109406783856684 -17743.14184279174151 65.92603841008738641 -17677.215804381652561
19600 19.600000000000001421 236.64901305155515843 3655.2242204135054635 -17738.385291848910128 61.147982196560676016 -17677.237309652347903
19700 19.699999999999999289 242.61455790953809242 3329.6945771774435343 -17739.758759251864831 62.689425476061089171 -17677.069333775802079
19800 19.800000000000000711 243.81952446350186392 4294.4554201699911573 -17740.140043367533508 63.000778024880617068 -17677.139265342651925
19900 19.900000000000002132 241.3726419530103442 3734.3188013046528795 -17739.344501292460336 62.368525533060520161 -17676.975975759400171
20000 20 269.25547561522347451 4428.2963435185638446 -17746.708513766378019 69.573199638315429638 -17677.135314128063328
20100 20.100000000000001421 233.2857981768040645 3784.0029577799969047 -17737.493507259754551 60.278957641450084282 -17677.214549618303863
20200 20.199999999999999289 243.13510211420964424 3715.9706406606719611 -17739.809122243706952 62.823929429191217366 -17676.985192814514448
20300 20.300000000000000711 251.45342896669015431 3595.0557343585869603 -17742.132190626838565 64.973310471274160705 -17677.158880155562656
20400 20.400000000000002132 233.73053050277897569 3695.1852956409252329 -17737.388660011747561 60.393872485168550668 -17676.994787526578875
20500 20.5 256.08450552234592124 4018.1305765110782886 -17743.151796091777214 66.169939111827403622 -17676.981856979949953
20600 20.600000000000001421 237.78246351107287637 3801.9739305189809784 -17738.505294569924445 61.440855628085081719 -17677.064438941837579
20700 20.699999999999999289 247.58317203577897203 4002.3886978174728029 -17740.750836216440803 63.973270797092567364 -17676.777565419346502
20800 20.800000000000000711 259.42354292304509045 4403.9448260308190584 -17743.909607279914781 67.032716424518426379 -17676.876890855397505
20900 20.900000000000002132 238.20593884932824835 3398.7049341585561706 -17738.382985567935975 61.550277856855082348 -17676.832707711080729
21000 21 252.2797672385151202 3974.9529780918333017 -17741.956232349108177 65.186828868339617316 -17676.769403480768233
21100 21.100000000000001421 244.49426560274298481 3520.2789963372256352 -17740.082468593886006 63.175125082734666648 -17676.90734351114952
21200 21.199999999999999289 243.18002583433383279 3947.4060964680529651 -17739.740474524234742 62.835537315499024658 -17676.904937208735646
21300 21.300000000000000711 246.71063403050649754 3635.6197125690041503 -17740.749261384415149 63.747814803322583543 -17677.00144658109275
21400 21.400000000000002132 246.99734076440702779 3947.3209163116885065 -17740.894742871132621 63.821897251561509279 -17677.072845619572036
21500 21.5 242.52523348928886548 4048.580704756515388 -17739.729981541888264 62.666344847121685291 -17677.063636694765592
21600 21.600000000000001421 250.82102860542156009 3720.2337761011049224 -17741.853521391527465 64.809903890645287561 -17677.043617500883556
21700 21.699999999999999289 255.44216155812731017 4242.2881129877905551 -17743.287516510514251 66.003963193391811615 -17677.283553317123733
21800 21.800000000000000711 229.34721939863189277 3634.4337528498967913 -17736.594782857479004 59.261264214793129668 -17677.333518642684794
21900 21.900000000000002132 247.18684788472950231 3767.8035013859253013 -17741.202063999928214 63.870864191546488087 -17677.331199808380916
22000 22 255.25962476519120514 4092.50592852196678 -17743.659673191468755 65.956797323478625117 -17677.702875867991679
22100 22.100000000000001421 233.48588712381891241 3553.8482899114851534 -17738.090354901698447 60.330658830531852743 -17677.759696071167127
22200 22.199999999999999289 259.45013856925027085 4312.1555633500984186 -17744.839860145835701 67.039588500931031945 -17677.800271644904569
22300 22.300000000000000711 254.64096335082618339 4200.3909949775934365 -17743.877360400048929 65.796940763489288884 -17678.080419636560691
22400 22.400000000000002132 233.95833007078473997 3330.3353284338481899 -17738.570190279500821 60.452733850146088912 -17678.117456429354206
22500 22.5 242.72629691550568509 3953.9241164778786697 -17740.950339449067542 62.718297832888026733 -17678.232041616178321
22600 22.600000000000001421 251.49796756760207472 4037.2743016997274026 -17743.442221932382381 64.984818846232087708 -17678.457403086151317
22700 22.699999999999999289 240.37342816603171514 3664.1088488326058723 -17740.768439334045979 62.110337653597802898 -17678.658101680448453
22800 22.800000000000000711 244.21140310210412849 3746.7103052871843829 -17741.855029758524324 63.10203594988723097 -17678.752993808637257
22900 22.900000000000002132 250.08378108778939009 4139.0514411603426197 -17743.635489691987459 64.619405745306281119 -17679.016083946680737
23000 23 239.78322990835565065 3968.1395587713450368 -17741.142611360141018 61.95783571797825573 -17679.184775642163004
23100 23.100000000000001421 242.74713231793950285 4159.001504075908997 -17742.019624338237918 62.723681513980345414 -17679.295942824257509
23200 23.199999999999999289 237.44126365873040641 4007.9701691501181813 -17740.801071780515485 61.35269264685193491 -17679.448379133664275
23300 23.300000000000000711 233.76169115672163912 3948.5317059771455206 -17739.802331241557113 60.401924118631754368 -17679.400407122924662
23400 23.400000000000002132 257.48720086763614745 4455.0201299687551 -17746.066955716683879 66.532383006669761016 -17679.53457271001389
23500 23.5 233.51456229523705588 3800.2752151610538931 -17740.069610546579497 60.338068237605860133 -17679.731542308974895
23600 23.600000000000001421 240.86006344147048708 4056.3474916898262563 -17741.951387369492295 62.236079843582196247 -17679.715307525908429
23700 23.699999999999999289 244.3521215211607398 4114.4090162629336191 -17743.073298709699884 63.138396327106832473 -17679.934902382592554
23800 23.800000000000000711 223.83093454010011669 3575.0823277508666251 -17737.750639271118416 57.835905689223558568 -17679.914733581896144
23900 23.900000000000002132 249.54383194228071829 4074.3664852159849943 -17744.533932612095668 64.479887729528968521 -17680.054044882566814
24000 24 239.68893646125968644 3784.3467063528173639 -17742.360616866775672 61.933471137074555202 -17680.427145729699987
24100 24.100000000000001421 232.95009522175038796 3942.6079690278029375 -17740.638786704115773 60.192215009168400286 -17680.446571694948943
24200 24.199999999999999289 244.73163838259620206 3984.9509333671844615 -17743.854453907522839 63.236460079780478338 -17680.617993827741884
24300 24.300000000000000711 231.24315419791025761 3795.3719406185787193 -17740.513736271579546 59.751156760116600708 -17680.762579511461809
24400 24.400000000000002132 237.23143074377094308 3601.794199723589827 -17742.007355544574239 61.298473703858086026 -17680.708881840717368
24500 24.5 255.37305957721346772 4176.4739561038895772 -17746.829517411966663 65.986107861378457073 -17680.843409550587239
24600 24.600000000000001421 243.50388569636459124 4020.9344388055960735 -17743.994124069635291 62.919219798777852759 -17681.074904270855768
24700 24.699999999999999289 222.95542138674798593 3372.6728699878449333 -17738.586190238143899 57.609680943877307868 -17680.97650929426527
24800 24.800000000000000711 243.21248249527818075 3950.3140640984752281 -17743.816412604177458 62.843923825546092132 -17680.972488778632396
24900 24.900000000000002132 243.74419335985004409 3947.112087918862926 -17744.112025200014614 62.981313143427904322 -17681.130712056587072
25000 25 235.16135812695614504 3665.2334756179434407 -17741.918848181419889 60.763585508524677437 -17681.155262672895333
25100 25.100000000000001421 238.79124054380659459 3786.4721599106278518 -17742.803714770881925 61.701514564467217383 -17681.102200206416455
25200 25.199999999999999289 242.17753707253012863 3917.6656916604615617 -17743.752978249278385 62.576503211918506508 -17681.176475037358614
25300 25.300000000000000711 232.68016727636396013 3773.629424648346685 -17741.287500982201891 60.122468049373352983 -17681.16503293282949
25400 25.400000000000002132 241.69314463413638805 4140.9104752394096067 -17743.67811080969841 62.45134055090797176 -17681.226770258788747
25500 25.5 240.12664057790104266 4120.9271910321558607 -17743.351384258523467 62.046569954545283565 -17681.304814303977764
25600 25.600000000000001421 234.93019477461859879 3967.7303282206612494 -17742.049736249809939 60.703854971849445121 -17681.345881277960871
25700 25.699999999999999289 232.3487738688746731 4058.0970198479026294 -17741.504156556457019 60.036838965525042511 -17681.467317590930179
25800 25.800000000000000711 236.72579334321397937 3700.9007096191849087 -17742.512554484797874 61.167821535194967453 -17681.344732949601166
25900 25.900000000000002132 248.05014920109942977 3880.3159238768644173 -17745.605326058997889 64.093933507758492851 -17681.511392551237805
26000 26 225.73540603724396192 3672.8797097865985961 -17739.988846720760193 58.328004040700051291 -17681.660842680059432
26100 26.100000000000001421 233.30514849574353775 3924.4602930441051285 -17741.859052745854569 60.283957590288878237 -17681.575095155567396
26200 26.199999999999999289 239.49005771768290174 3887.4305563073276062 -17743.664877392973722 61.882082653705481334 -17681.782794739268866
26300 26.300000000000000711 228.33534622418230242 3769.3478847298947585 -17740.769617607886175 58.999805263164454061 -17681.769812344722595
26400 26.400000000000002132 247.03842633871383327 4134.3703801160472722 -17745.757931895499496 63.83251339541882885 -17681.925418500079104
26500 26.5 231.73680940243866644 3999.6082265547743191 -17742.018859802159568 59.878712836807977737 -17682.140146965350141
26600 26.600000000000001421 232.07909029143087309 3891.3317689473537939 -17742.02442228543805 59.967155148214359883 -17682.057267137224699
26700 26.699999999999999289 245.80345205368095662 4149.1864765179971073 -17745.725855499727913 63.513407118064741042 -17682.212448381662398
26800 26.800000000000000711 226.43807315174481687 3719.4191073775737095 -17740.777601973561104 58.509566920061168105 -17682.26803505350108
26900 26.900000000000002132 242.15114080801168939 3856.9127795443801006 -17744.872047374359681 62.5696826539452573 -17682.302364720413607
27000 27 235.92173460333353319 3864.174232352407671 -17743.500695644350344 60.960059969333343588 -17682.540635675017256
27100 27.100000000000001421 229.51968669536319112 3673.094781418225466 -17741.85390419324176 59.305828217211839615 -17682.548075976028485
27200 27.199999999999999289 237.68281916392226094 4044.1591989328699128 -17744.128710238994245 61.415108422605605654 -17682.713601816387381
27300 27.300000000000000711 229.48078870601477774 3584.6661400770694854 -17742.066679659426882 59.295777325684809966 -17682.770902333741105
27400 27.400000000000002132 242.8548991939842665 4249.367517053939082 -17745.696938475481147 62.751527508065805705 -17682.945410967415228
27500 27.5 227.30629420397067975 3680.997693847609753 -17741.807659501118906 58.733907451887603202 -17683.073752049233008
27600 27.600000000000001421 233.87403920581277816 3896.0622935735927967 -17743.409226717190904 60.43095384673861048 -17682.978272870452201
27700 27.699999999999999289 242.36131113004611848 3930.8370700208852213 -17745.83830149300411 62.623988779900692236 -17683.214312713102117
27800 27.800000000000000711 216.34508552127957159 3525.5623650229772466 -17739.057586581548094 55.901629451911482249 -17683.155957129638409
27900 27.900000000000002132 240.34020441712391403 4220.2160056858028838 -17745.152987720884994 62.10175293490186732 -17683.051234785983979
28000 28 237.79197504222614157 4219.0811402821054799 -17744.707792379551393 61.443313322415271216 -17683.264479057135759
28100 28.100000000000001421 231.78444726041982449 4008.8811111674808672 -17742.973313497514027 59.891022031991816732 -17683.082291465521848
28200 28.199999999999999289 244.01018448047639708 4238.6366015535804763 -17746.258548470872483 63.050042863018838091 -17683.208505607854022
28300 28.300000000000000711 221.32752050613493111 3574.9053931956609631 -17740.249863579858356 57.189045958833837346 -17683.060817621026217
28400 28.400000000000002132 248.11506908229537771 4340.9544233197848371 -17747.061164674010797 64.110708222718770344 -17682.950456451293576
28500 28.5 233.28525807527483948 3903.0620567880228009 -17743.333984953562322 60.278818084059722082 -17683.055166869504319
28600 28.600000000000001421 221.18583426648771706 3493.742738615187136 -17739.874878812337556 57.152435505455109421 -17682.722443306884088
28700 28.699999999999999289 251.7903218501493825 4452.5557284097667434 -17747.84183991403188 65.060360570382016476 -17682.781479343648243
28800 28.800000000000000711 222.26854876914933357 3577.7950782996954331 -17740.318940535576985 57.432199220836793074 -17682.886741314741812
28900 28.900000000000002132 236.6109334340209216 4143.1962259512656601 -17743.834085835249425 61.138142764969522602 -17682.695943070280919
29000 29 238.08981635137837429 3945.7364814529196337 -17744.452855021954747 61.520272845020478769 -17682.932582176934375
29100 29.100000000000001421 222.06152338920077227 3474.991694033803924 -17740.16065609116049 57.378705719705756394 -17682.781950371456333
29200 29.199999999999999289 248.60294293256910692 4061.8784041499970954 -17747.147402431164664 64.236770449330322208 -17682.91063198183474
29300 29.300000000000000711 223.94294245022237533 3994.1386595939293329 -17740.953504890032491 57.864847528471955229 -17683.088657361560763
29400 29.400000000000002132 231.84290452326922605 3635.7475469420373884 -17742.823055248285527 59.906126864341977978 -17682.916928383943741
29500 29.5 249.06180699858194316 4330.6366938154133095 -17747.512640480606933 64.355336807910830998 -17683.157303672694979
29600 29.600000000000001421 224.50566336639624865 3508.5314592443514812 -17741.25322897011938 58.010249565523075432 -17683.242979404596554
29700 29.699999999999999289 233.93614711358193858 3865.3416799442211413 -17743.572321623010794 60.44700197298922717 -17683.125319650021993
29800 29.800000000000000711 236.24276542098743903 4134.4584448796404104 -17744.347271457743773 61.043011452922129934 -17683.304260004821117
29900 29.900000000000002132 227.41940582842897811 3881.5278325060353382 -17742.072895489982329 58.763134481019953625 -17683.309761008960777
30000 30 232.16965346347720356 4044.5225817797327181 -17743.381494807854324 59.99055585950634395 -17683.390938948348776
30100 30.100000000000001421 240.68755412347437073 4326.4700342964952142 -17745.684730771947216 62.191504983245593507 -17683.493225788701238
30200 30.199999999999999289 232.48681940245452893 3959.315993015582535 -17743.691689390900137 60.072508693113626066 -17683.619180697787669
30300 30.300000000000000711 224.36116103946088174 3840.0514239861986425 -17741.590592015825678 57.972911460449800813 -17683.617680555376865
30400 30.400000000000002132 235.89061275607957668 3925.5143943465891425 -17744.60843246980221 60.952018363170402893 -17683.656414106630109
30500 30.5 226.36614926522022984 4032.2748493173944553 -17742.262271771880478 58.490982432950907821 -17683.771289338928909
30600 30.600000000000001421 229.44082181204370841 3713.8595571301761993 -17742.953408995123027 59.28545023879152609 -17683.667958756330336
30700 30.699999999999999289 237.78536383559233514 4142.1722519637887672 -17745.338505612508015 61.441605045924575279 -17683.89690056658219
30800 30.800000000000000711 221.74872062926007743 3342.9177159870241667 -17741.171390090188652 57.297880292423194248 -17683.873509797766019
30900 30.900000000000002132 243.71428729151509174 4237.7621404726742185 -17746.967109848435939 62.973585683631924326 -17683.993524164805422
31000 31 218.89503928818987788 3616.3118784258963387 -17740.692842427040887 56.560514631826073639 -17684.132327795214223
31100 31.100000000000001421 233.31065873655845166 4023.3146837463737029 -17744.326378601097531 60.285381387087795702 -17684.040997214011441
31200 31.199999999999999289 243.11631173938158668 4162.3854377325860696 -17747.157913849136094 62.819074164888036194 -17684.338839684249251
31300 31.300000000000000711 216.03091589343014789 3390.399296554879129 -17740.116317719857761 55.8204508382223068 -17684.295866881635447
31400 31.400000000000002132 243.48063394740017884 4179.6792733138809126 -17747.183998974051065 62.913211755417009385 -17684.270787218632904
31500 31.5 243.26971106723860316 4240.8257408352046696 -17747.660979028554721 62.858711175192077292 -17684.802267853363446
31600 31.600000000000001421 205.70537216975699835 3350.4515213947670418 -17737.901168935772148 53.152422961649570254 -17684.748745974124176
31700 31.699999999999999289 250.8214927550840514 4466.783317090296805 -17749.617578276061977 64.810023822754587286 -17684.807554453305784
31800 31.800000000000000711 228.51443483845258697 4086.5758153578663041 -17744.300415085726854 59.046080154641053639 -17685.254334931087214
31900 31.900000000000002132 219.4472767706738523 3526.7150882080959491 -17741.85883976115656 56.703207843649636288 -17685.15563191750698
32000 32 247.05881347134152293 4657.8114920123598495 -17749.36624099868277 63.83778124761428785 -17685.528459751069022
32100 32.100000000000001421 212.32690614677309782 3334.0040895364327298 -17740.639022278443008 54.863367945190631758 -17685.775654333250714
32200 32.200000000000002842 227.90432442515151479 3827.380358859786611 -17744.588450495422876 58.888433096622932794 -17685.70001739880172
32300 32.299999999999997158 237.45946630230415053 4206.4950568829817712 -17747.427624294115958 61.357396046671041745 -17686.070228247444902
32400 32.399999999999998579 210.84629649755555647 3296.3966355295597168 -17740.575189224538917 54.480791693116060515 -17686.094397531422146
32500 32.5 232.84069859256624113 4129.325263350188834 -17746.27289641265088 60.163947901490843151 -17686.108948511158815
32600 32.600000000000001421 216.79913563023731626 3690.8893733555614745 -17742.250289571617031 56.018951927170846261 -17686.231337644447194
32700 32.700000000000002842 225.13135201725415868 3874.9223104340799182 -17744.331285649826896 58.171921900386834636 -17686.159363749440672
32800 32.799999999999997158 234.00188588289270797 4000.5787246150243845 -17746.819978677129257 60.46398828129283487 -17686.35599039583758
32900 32.899999999999998579 220.46334923431510333 3756.9573899081187847 -17743.37763334911142 56.965751853937206306 -17686.411881495172565
33000 33 224.37256119223778228 4134.3737900030109813 -17744.450596782146022 57.975857157666332853 -17686.474739624478389
33100 33.100000000000001421 229.99511308225288531 4134.7561886476396467 -17746.044529428076203 59.428674130940507325 -17686.615855297135568
33200 33.200000000000002842 219.51520129130275905 3990.832296172410679 -17743.431874739646446 56.720758930487349403 -17686.711115809157491
33300 33.299999999999997158 221.53073324497074736 3805.5843246362128411 -17743.909405904247251 57.241554307701278503 -17686.667851596546825
33400 33.399999999999998579 232.28060371570828124 4033.2393123425422345 -17746.826940725317399 60.019224409443005186 -17686.807716315874131
33500 33.5 215.98521487305478672 4169.0684625346984831 -17742.675552012551634 55.808642104502091286 -17686.866909908050729
33600 33.600000000000001421 226.37793845637770573 4047.3960312432323008 -17745.33433888116997 58.494028654195247441 -17686.840310226973088
33700 33.700000000000002842 236.44225928567036021 4161.5227334764567786 -17748.202008784275677 61.094558878067303453 -17687.107449906208785
33800 33.799999999999997158 211.17058176884498266 3545.4819530851027594 -17741.735482947744458 54.564584098331344819 -17687.170898849413788
33900 33.899999999999998579 233.97565196271818877 3955.1595879577848791 -17747.597026071842265 60.457209671641805926 -17687.139816400202108
34000 34 236.16408071044563144 4304.7092431948785816 -17748.41764598172449 61.022680029531386481 -17687.394965952193161
34100 34.100000000000001421 219.86226660118305176 3668.0170892805431322 -17744.273074918008206 56.810437493334262626 -17687.462637424672721
34200 34.200000000000002842 223.29833481365744774 3959.6445940840485491 -17745.170988466819836 57.698286697407546342 -17687.472701769413106
34300 34.300000000000004263 221.98045141792300683 3746.5158197826563082 -17744.881633708282607 57.357757449554924278 -17687.523876258728706
34400 34.399999999999998579 224.78539753770058951 4103.6933589702302925 -17745.613817830326298 58.082530366132040456 -17687.531287464193156
34500 34.5 223.90884582343818465 3887.1379715136954474 -17745.424018156318198 57.856037265962612537 -17687.567980890355102
34600 34.600000000000001421 231.97322015743677071 4215.0728382992729166 -17747.515844773279241 59.939799255260737709 -17687.576045518017054
34700 34.700000000000002842 226.83291783958310361 4387.6178179546150204 -17746.221653774595325 58.611591245584484966 -17687.610062529009156
34800 34.800000000000004263 227.09196659061231571 3999.7357942465091583 -17746.261635072267381 58.678527119145570623 -17687.583107953123545
34900 34.899999999999998579 225.73149534398189076 3803.0612132580149591 -17745.911897350913932 58.326993552640622909 -17687.584903798273444
35000 35 224.18772255357893641 3685.9174886503174093 -17745.469870459164667 57.928096511466272034 -17687.541773947697948
35100 35.100000000000001421 229.31047570023253002 3991.6627740459525739 -17746.799394578258216 59.251769972723039359 -17687.547624605536839
35200 35.200000000000002842 221.77849174432472523 4342.6901978990890711 -17744.900993233550253 57.305572881504680538 -17687.595420352045039
35300 35.300000000000004263 222.02009284631768082 3807.7809513867655369 -17744.900825024193182 57.368000439062747375 -17687.532824585130584
35400 35.399999999999998579 234.600259465270085 4044.0996021104224383 -17748.296851483723003 60.618602647481353074 -17687.678248836240527
35500 35.5 212.72966945357080704 3591.7686892141209682 -17742.644054166430578 54.967438370821895433 -17687.676615795608086
35600 35.600000000000001421 226.21628608486022927 4231.1730033364838164 -17745.938628187665017 58.452259131440342799 -17687.486369056223339
35700 35.700000000000002842 238.39850374575306091 4196.1752088403845846 -17749.336767238710308 61.600034898756213408 -17687.736732339955779
35800 35.800000000000004263 207.57586765822884445 3369.24103394982194 -17741.289701022415102 53.635742217254943398 -17687.653958805160073
35900 35.899999999999998579 238.83689321490166435 4145.7284465567799998 -17749.289750697309501 61.713310805167104434 -17687.576439892141934
36000 36 225.81381429847812115 4106.53498612882413 -17746.185995772280876 58.348264032069486973 -17687.837731740211893
36100 36.100000000000001421 207.58058450888049151 3815.9462468565943709 -17741.283568263719644 53.636961009152493318 -17687.646607254566334
36200 36.200000000000002842 239.67769911424596785 4585.4873157699394142 -17749.687805098485114 61.930567507406841798 -17687.757237591078592
36300 36.300000000000004263 218.06425933804987949 3832.1153492237867795 -17744.230534508664277 56.345848544926511181 -17687.884685963737866
36400 36.399999999999998579 215.81995294898192128 3694.936052502390794 -17743.535705525009689 55.765939905745085525 -17687.769765619264945
36500 36.5 213.46886526188566791 3559.2194778956113623 -17742.927437951497268 55.158439936996870756 -17687.768998014500539
36600 36.600000000000001421 228.332421296721094 3947.5694033461313666 -17746.716515588042967 58.999049488145502096 -17687.717466099897138
36700 36.700000000000002842 224.99401485229429909 4028.2481858104024468 -17745.920205891889054 58.136435208895491655 -17687.783770682992326
36800 36.800000000000004263 222.80473497550909201 4353.4645865041320576 -17745.286915503398632 57.570744926892132298 -17687.716170576506556
36900 36.899999999999998579 230.05411716544142564 4118.7145261751420549 -17747.179915013530263 59.443920256761245469 -17687.735994756767468
37000 37 222.81503810031898638 3955.200021616327831 -17745.293898312324018 57.573407161922489195 -17687.720491150401358
37100 37.100000000000001421 228.97058200421886909 4105.5810597346426221 -17746.822454086181096 59.163944490568844969 -17687.658509595610667
37200 37.200000000000002842 222.3460861548571188 4421.324483327366579 -17745.077287915948546 57.452234185782089071 -17687.625053730167565
37300 37.300000000000004263 235.23131629708387891 4398.6385287530665664 -17748.274716027844988 60.781662072150751897 -17687.493053955695359
37400 37.399999999999998579 223.9284987872573538 4218.0649110496133289 -17745.459189578021324 57.861115415523549643 -17687.598074162498961
37500 37.5 210.38399283687923003 3504.1864649188623844 -17741.616618874639244 54.361336574128166887 -17687.255282300509862
37600 37.600000000000001421 247.15777270934157173 4675.3588646126399908 -17751.129865829294431 63.863351427034785956 -17687.266514402261237
37700 37.700000000000002842 212.65685219352585023 3740.2355996694382156 -17742.232152827720711 54.948623044007661065 -17687.283529783711856
37800 37.800000000000004263 222.88494744721253937 4056.6238369368338681 -17744.583842013438698 57.591471110062805394 -17686.992370903375559
37900 37.899999999999998579 231.76954341530051806 4041.4398196158012979 -17747.118919343043672 59.887171012102633938 -17687.231748330941628
38000 38 206.30165237395360123 3386.8662498240018977 -17740.311837739049224 53.30649641769407765 -17687.005341321353626
38100 38.100000000000001421 243.89553169249671782 4143.0316302582150456 -17750.003178428629326 63.020417611057020224 -17686.982760817572853
38200 38.200000000000002842 216.63965097773399293 3775.3208091054248143 -17743.150590834542527 55.977742523564444355 -17687.172848310976406
38300 38.300000000000004263 221.21882243524038358 3858.183211490460053 -17744.020593276549334 57.160959352352143981 -17686.859633924195805
38400 38.399999999999998579 243.42734526510369619 4201.6991515091231122 -17750.057097519351373 62.899442437918807514 -17687.157655081431585
38500 38.5 211.9569060844787316 3890.953369689686042 -17741.82556957320412 54.767763248047977243 -17687.05780632515598
38600 38.600000000000001421 245.48177590502672274 4482.7952128865172199 -17750.498778422315809 63.430288886734182086 -17687.068489535580738
38700 38.700000000000002842 219.53802403531523169 3877.1003616793559559 -17744.122821673707222 56.726656122816848438 -17687.396165550890146
38800 38.800000000000004263 212.57450437672119392 3784.2340169376648191 -17742.041843655344564 54.927345106817199394 -17687.114498548526171
38900 38.899999999999998579 241.89380567605877559 4400.4954449718616161 -17749.882524495038524 62.503189564182072502 -17687.379334930858022
39000 39 201.94578715620247067 3362.6477674511374971 -17739.624428327817441 52.180979918169789755 -17687.443448409649136
39100 39.100000000000001421 236.94469299750684854 4054.771870281936117 -17748.54529001604169 61.22438324230260065 -17687.320906773740717
39200 39.200000000000002842 223.60865179714534179 4041.8958751579634736 -17745.521849924502021 57.778469822352484186 -17687.743380102150695
39300 39.300000000000004263 209.79526170291450171 3711.6381337801140035 -17741.742613009788329 54.20921373011532296 -17687.533399279673176
39400 39.399999999999998579 244.906573268307028 4531.9036620157812649 -17751.076477699258248 63.281661685056867839 -17687.794816014200478
39500 39.5 208.11544145199550826 3652.7014613049927902 -17741.761550375504157 53.775163245509077115 -17687.986387129996729
39600 39.600000000000001421 225.31324485996802309 4429.7678251999686836 -17745.982330781727796 58.218921379338922861 -17687.763409402388788
39700 39.700000000000002842 233.94262943798344168 4192.1536198178619088 -17748.535601281793788 60.448676947467184561 -17688.086924334325886
39800 39.800000000000004263 201.71916864669944403 3335.8731302420655993 -17740.139246715098125 52.122423728115094832 -17688.016822986981424
39900 39.899999999999998579 244.12515202267641712 4415.6867298647739517 -17751.094606172777276 63.079749444647795542 -17688.014856728128507
40000 40 217.99055770412766719 4001.0973349423775289 -17744.778346272909403 56.326804703835357202 -17688.451541569073015
40100 40.100000000000001421 211.51721684455893069 3971.2821426202390285 -17742.823955433759693 54.654151492528939116 -17688.169803941229475
40200 40.200000000000002842 249.26009063137556154 4673.0972628619920215 -17752.841295559559512 64.406571519991771879 -17688.434724039569119
40300 40.300000000000004263 207.25848832519056941 3785.5031100918263292 -17742.126797443830583 53.553734244536485676 -17688.573063199295575
40400 40.399999999999998579 223.37897547628310235 4074.8317042013445644 -17746.100545674897148 57.719123521271583854 -17688.381422153626772
40500 40.5 220.5858018979525923 4091.0422167131414426 -17745.550403203767928 56.997392523802986375 -17688.553010679963336
40600 40.600000000000001421 220.15219508552161187 3878.1649681474591489 -17745.283406984566682 56.885352412986797788 -17688.398054571578541
40700 40.700000000000002842 231.57848449087845211 4109.8786142977787677 -17748.442549216913903 59.83780309985822754 -17688.604746117056493
40800 40.800000000000004263 210.0305770583866547 3399.2343519292076053 -17742.841424458332767 54.270017107156469649 -17688.571407351177186
40900 40.899999999999998579 237.82728035358448437 4390.425356412646579 -17749.951533648523764 61.452435898176503315 -17688.499097750347573
41000 41 217.5907711179417845 4109.9513873439482268 -17745.013579546175606 56.223503436108572373 -17688.790076110068185
41100 41.100000000000001421 214.82374413358019183 3679.2633870601066519 -17744.040458608025801 55.508528483982800594 -17688.531930124041537
41200 41.200000000000002842 241.12522725195674411 4660.6881800592700529 -17751.066018795696436 62.304595793654016234 -17688.761423002040829
41300 41.300000000000004263 203.54463631578116178 3576.0619949279898719 -17741.423240315940348 52.594108199096126555 -17688.829132116843539
41400 41.399999999999998579 230.50292999287790963 4009.6376226784182109 -17748.234064236348786 59.559889465454695312 -17688.674174770894751
41500 41.5 227.83897260536852514 3996.2805352500431582 -17747.926459254511428 58.871546772606308195 -17689.054912481904466
41600 41.600000000000001421 200.1467351011490905 3304.4019088403997557 -17740.522608013936406 51.716121004901793867 -17688.806487009034754
41700 41.700000000000002842 247.42422920045967771 4636.3962821336554043 -17752.873051949623914 63.93220139418634318 -17688.940850555438374
41800 41.800000000000004263 195.38724193524777206 3091.729811906897794 -17739.671252944521257 50.486310664176720309 -17689.184942280346149
41900 41.899999999999998579 217.23465240390140707 3717.3560955852294683 -17745.124539010936132 56.131485554837034613 -17688.993053456099005
42000 42 233.79317990324233278 4120.4440545316301723 -17750.018990676351677 60.410060528274080127 -17689.608930148078798
42100 42.100000000000001421 193.04791753830980383 3377.8421058168069067 -17739.457242120763112 49.881850224086988987 -17689.575391896676592
42200 42.200000000000002842 242.71714010387520943 4347.1408027685783964 -17752.49120762955863 62.715931794900640739 -17689.775275834657805
42300 42.300000000000004263 210.70090397364654677 3741.840074155055845 -17744.761395253979572 54.443223569129997941 -17690.318171684848494
42400 42.399999999999998579 205.47100102138827538 3548.6576329536355843 -17743.18146708482891 53.091863559254278471 -17690.089603525575512
42500 42.5 242.44518914053037406 4467.6355525370636315 -17753.265063875573105 62.645662105411908271 -17690.619401770160039
42600 42.600000000000001421 196.07355342267382525 3429.260672658513613 -17741.556912779778941 50.663647396214052776 -17690.893265383565449
42700 42.700000000000002842 228.87873356615617126 3889.2111612136081931 -17749.996880441885878 59.140211678067252876 -17690.856668763819471
42800 42.800000000000004263 226.69862309795774991 4122.9027913627332964 -17749.952669845704804 58.576890688991795741 -17691.37577915671136
42900 42.899999999999998579 199.52471959832911352 3361.7752399084643002 -17742.832043401806004 51.555397778542364051 -17691.276645623263903
43000 43 240.79911688017136839 4828.5315953080908002 -17753.690373647244996 62.220331798841996829 -17691.470041848402616
43100 43.100000000000001421 206.972824275533128 3851.5635353032434978 -17745.24124246624342 53.479921216552952501 -17691.761321249690809
43200 43.200000000000002842 214.25438269678465986 3862.3507971016147167 -17746.901271581751644 55.361410595969481108 -17691.539860985783889
43300 43.300000000000004263 229.50510626861762375 4585.4727443333349584 -17751.251781249702617 59.302060765729329717 -17691.94972048397176
43400 43.399999999999998579 197.66745013598210789 3491.4779811088051247 -17742.879582040164678 51.075496009448279722 -17691.804086030715553
43500 43.5 237.79136379756511133 4310.5011862248429679 -17753.311087273799785 61.44315538227781559 -17691.867931891523767
43600 43.600000000000001421 206.45895407984630765 3773.4225973816201076 -17745.520635219083488 53.347141767477644692 -17692.173493451606191
43700 43.700000000000002842 209.19250315578770483 3936.44993084589305 -17745.96947196462861 54.053466328369324856 -17691.916005636259797
43800 43.800000000000004263 235.86987945545655521 4673.4760360382879298 -17753.164588808118424 60.946661064270131192 -17692.217927743848122
43900 43.899999999999998579 194.38523417203765575 3744.1811207690802803 -17742.428931852722599 50.227400846318147387 -17692.201531006405276
44000 44 229.27860648173574987 4348.9727524091322266 -17751.337540264186828 59.24353525253498276 -17692.094005011651461
44100 44.100000000000001421 209.91622466327868324 3936.4431268123457812 -17746.674723898173397 54.240469474018134122 -17692.43425442415537
44200 44.200000000000002842 201.70248328662066228 3695.5534104579915038 -17744.208327740841924 52.11811238074083974 -17692.090215360101865
44300 44.300000000000004263 234.08672090064348481 4384.2066321012507615 -17752.814227454764477 60.485908888897228053 -17692.328318565865629
44400 44.399999999999998579 192.87924663322593233 3534.4832515193561449 -17742.164239864927367 49.838267175215790417 -17692.325972689712216
44500 44.5 228.03630283285852443 4022.7564073781009029 -17751.05435285319254 58.92253513330896908 -17692.131817719884566
44600 44.600000000000001421 218.87601510985842879 4093.9098524786249982 -17749.056720025866525 56.555598954794859878 -17692.501121071072703
44700 44.700000000000002842 199.8738750354388003 3702.2775214944035724 -17743.856916596691008 51.645616411516606092 -17692.211300185175787
44800 44.800000000000004263 239.7991889948511357 4679.5688284951702371 -17754.292982845559891 61.96195940277336689 -17692.331023442788137
44900 44.899999999999998579 203.10393949800180735 3619.080829173467464 -17744.964855963386071 52.480236094496298449 -17692.48461986889015
45000 45 216.33512285388837881 3917.23521229389371 -17748.157966885588394 55.899055188024163954 -17692.258911697565054
45100 45.100000000000001421 229.68132675031145595 4362.1949109712413701 -17751.938970780938689 59.347594557475737531 -17692.591376223463158
45200 45.200000000000002842 190.08094030297240806 3261.2112719007350279 -17741.526008834644017 49.115209920691818013 -17692.410798913952021
45300 45.300000000000004263 232.08515603926184667 4585.9711717327991209 -17752.25163811343009 59.968722483043244154 -17692.282915630385105
45400 45.399999999999998579 214.78176094908670279 4103.3368531246151178 -17748.094262959770276 55.497680405704940654 -17692.596582554066117
45500 45.5 193.36347699309794734 3117.0203138076544747 -17742.123475208238233 49.963387956590182171 -17692.160087251646473
45600 45.600000000000001421 238.95231768126743077 4580.973086509667155 -17753.983379213492299 61.743135451901821398 -17692.240243761589227
45700 45.700000000000002842 202.9992796987432655 3830.8748810399588365 -17744.773306311573833 52.453192941181470133 -17692.320113370391482
45800 45.800000000000004263 215.20209091386357159 4007.9727207918267595 -17747.610953916620929 55.606289898182545528 -17692.004664018437325
45900 45.899999999999998579 223.81722151029592283 4228.4358691675879527 -17750.011493504196551 57.832362365330027387 -17692.179131138866069
46000 46 208.95110463508731868 4022.7504315847554608 -17745.91474095670128 53.991091116000077932 -17691.923649840700818
46100 46.100000000000001421 237.23802388675684938 5022.6878026791728189 -17753.321665095030767 61.300177312864192913 -17692.021487782167242
46200 46.200000000000002842 199.65999323851318081 3910.6329010246299731 -17743.640977718441718 51.590351273741759996 -17692.050626444699446
46300 46.300000000000004263 213.16468549502201313 3713.0922017760763083 -17746.81923541186552 55.07984261377592361 -17691.739392798088375
46400 46.399999999999998579 230.0225656674802508 4365.0286749934330146 -17751.401614890150086 59.435767632709591624 -17691.965847257441055
46500 46.5 192.28101534869318812 3424.3738418903694765 -17741.541032478595298 49.683689577513895586 -17691.85734290108303
46600 46.600000000000001421 219.48011554067784346 4379.0337524936885529 -17748.322940146466863 56.711693087250139911 -17691.611247059216112
46700 46.700000000000002842 226.37311116176005044 4106.7870163293382575 -17750.235278274070879 58.49278132456757362 -17691.74249694950413
46800 46.800000000000004263 213.81371337105187536 4148.1061288910550502 -17746.875819866138045 55.247545595067876434 -17691.628274271071859
46900 46.899999999999998579 210.60522291580053889 3878.8420443862196407 -17745.946694340840622 54.418500442055545818 -17691.528193898786412
47000 47 224.62608430220149103 4205.2499302634678315 -17749.532292964508088 58.041365255141897705 -17691.490927709364769
47100 47.100000000000001421 220.50933978402053981 3957.6597704684177188 -17748.640653328617191 56.977635399439193975 -17691.66301792917875
47200 47.200000000000002842 199.59110110045605779 3565.3616327957574867 -17743.120580824430363 51.57255016324026542 -17691.548030661189841
47300 47.300000000000004263 222.91751938396211585 4157.7583167294214945 -17748.995584213935217 57.599887406343896146 -17691.395696807590866
47400 47.399999999999998579 229.75652751927572126 4302.6121245290696606 -17750.995627486699959 59.367025761614307555 -17691.6286017250859
47500 47.5 204.10522071595153193 3620.6393914267696346 -17744.21712891806601 52.738958179576798102 -17691.478170738490007
47600 47.600000000000001421 234.40552335357250513 4275.842947310226009 -17752.106236374220316 60.568284583029857515 -17691.537951791189698
47700 47.700000000000002842 197.18788815310313112 3407.4842604949894849 -17742.637194352140796 50.951581494812870687 -17691.685612857327214
47800 47.800000000000004263 215.87149064411423183 3658.2045202401886854 -17747.294918300485733 55.779256783866678404 -17691.51566151661973
47900 47.899999999999998579 233.25106435088710555 4655.9342989013894112 -17752.239709864556062 60.269982732400599446 -17691.969727132156549
48000 48 194.71992058157263727 3389.7273129806931138 -17742.318512051151629 50.313880812356366334 -17692.004631238796719
48100 48.100000000000001421 231.24817492672630692 4102.3373857599463008 -17751.838106666800741 59.752454071405999514 -17692.085652595393185
48200 48.200000000000002842 205.67530872587335011 3752.3137803165118385 -17745.637261379073607 53.144654837423487947 -17692.492606541651185
48300 48.300000000000004263 204.53141785847876122 3433.8263625552481244 -17745.10767607939124 52.849083698155666866 -17692.258592381236667
48400 48.399999999999998579 243.05328867025806971 4587.3120307645667708 -17755.408123617686215 62.802789569152587035 -17692.605334048534132
48500 48.5 194.91987225866830613 3496.2411649412688348 -17743.151146466876526 50.365546532122351664 -17692.785599934755737
48600 48.600000000000001421 223.07122068947793991 4186.7260944366553304 -17750.191160218313598 57.639602444966193673 -17692.551557773345849
48700 48.700000000000002842 225.60233789800898307 4433.1626175139290353 -17751.286800567479077 58.293620427162238684 -17692.993180140318145
48800 48.800000000000004263 185.89522834685851649 3460.1056101721483174 -17740.758093620064756 48.033659497675159855 -17692.724434122388629
48900 48.899999999999998579 233.27622525652640206 4403.9619424855536636 -17752.983345044125599 60.276484084720820533 -17692.706860959406185
49000 49 210.6604138468284475 3878.9389701511540807 -17747.539507063658675 54.432761283562506094 -17693.106745780096389
49100 49.100000000000001421 208.34024065656043945 3782.7611164466152331 -17746.793046077033068 53.83324934348719637 -17692.959796733546682
49200 49.200000000000002842 227.83452898322676106 4317.7309116450351212 -17752.134761527704541 58.870398580504812003 -17693.264362947200425
49300 49.300000000000004263 199.05301522718488627 3649.9113533055365224 -17744.664219354839588 51.433513600295299284 -17693.230705754544033
49400 49.399999999999998579 227.9840035554060762 4364.0687717792789044 -17752.237140256758721 58.909021469147361927 -17693.328118787612766
49500 49.5 202.67758764590462306 4155.1909188633262602 -17745.956171738358535 52.370070600352320866 -17693.586101138007507
49600 49.600000000000001421 200.26205127961139851 3626.276661479512768 -17745.132801768773788 51.745917671013614836 -17693.386884097759321
49700 49.700000000000002842 230.11337296207545933 4404.9319419611056219 -17753.071047511872166 59.459231423078392709 -17693.611816088792693
49800 49.800000000000004263 198.53422307713432815 3859.5341487918899475 -17745.008934747005696 51.299462362363044576 -17693.70947238464214
49900 49.899999999999998579 217.60456440808113143 4256.7776334836389651 -17749.795508432674978 56.227067498552763425 -17693.568440934122918
50000 50 220.28580383341375182 4269.7515897534467513 -17750.761170632089488 56.91987571495229048 -17693.841294917136111
